1010 0000 1000 0001 
0010 0001 1000 0001 
0100 0001 1000 0011 
1000 1001 1000 0000 
1000 1001 1000 0000 
1100 0000 0000 0000 
0000 0000 0000 0000 
0000 0000 0000 0000 
0000 0000 0000 0000 
0000 0000 0000 0000 
0000 0000 0000 0000 
0000 0000 0000 0000 
0000 0000 0000 0000 
0000 0000 0000 0000 
0000 0000 0000 0000 
0000 0000 0000 0000 
0000 0000 0000 0000 
0000 0000 0000 0000 
0000 0000 0000 0000 
0000 0000 0000 0000 
0000 0000 0000 0000 
0000 0000 0000 0000 
0000 0000 0000 0000 
0000 0000 0000 0000 
0000 0000 0000 0000 
0000 0000 0000 0000 
0000 0000 0000 0000 
0000 0000 0000 0000 
0000 0000 0000 0000 
0000 0000 0000 0000 
0000 0000 0000 0000 
0000 0000 0000 0000 
0000 0000 0000 0000 
0000 0000 0000 0000 
0000 0000 0000 0000 
0000 0000 0000 0000 
0000 0000 0000 0000 
0000 0000 0000 0000 
0000 0000 0000 0000 
0000 0000 0000 0000 
0000 0000 0000 0000 
0000 0000 0000 0000 
0000 0000 0000 0000 
0000 0000 0000 0000 
0000 0000 0000 0000 
0000 0000 0000 0000 
0000 0000 0000 0000 
0000 0000 0000 0000 
0000 0000 0000 0000 
0000 0000 0000 0000 
0000 0000 0000 0000 
0000 0000 0000 0000 
0000 0000 0000 0000 
0000 0000 0000 0000 
0000 0000 0000 0000 
0000 0000 0000 0000 
0000 0000 0000 0000 
0000 0000 0000 0000 
0000 0000 0000 0000 
0000 0000 0000 0000 
0000 0000 0000 0000 
0000 0000 0000 0000 
0000 0000 0000 0000 
0000 0000 0000 0000 
0000 0000 0000 0000 
0000 0000 0000 0000 
0000 0000 0000 0000 
0000 0000 0000 0000 
0000 0000 0000 0000 
0000 0000 0000 0000 
0000 0000 0000 0000 
0000 0000 0000 0000 
0000 0000 0000 0000 
0000 0000 0000 0000 
0000 0000 0000 0000 
0000 0000 0000 0000 
0000 0000 0000 0000 
0000 0000 0000 0000 
0000 0000 0000 0000 
0000 0000 0000 0000 
0000 0000 0000 0000 
0000 0000 0000 0000 
0000 0000 0000 0000 
0000 0000 0000 0000 
0000 0000 0000 0000 
0000 0000 0000 0000 
0000 0000 0000 0000 
0000 0000 0000 0000 
0000 0000 0000 0000 
0000 0000 0000 0000 
0000 0000 0000 0000 
0000 0000 0000 0000 
0000 0000 0000 0000 
0000 0000 0000 0000 
0000 0000 0000 0000 
0000 0000 0000 0000 
0000 0000 0000 0000 
0000 0000 0000 0000 
0000 0000 0000 0000 
0000 0000 0000 0000 
0000 0000 0000 0000 
0000 0000 0000 0000 
0000 0000 0000 0000 
0000 0000 0000 0000 
0000 0000 0000 0000 
0000 0000 0000 0000 
0000 0000 0000 0000 
0000 0000 0000 0000 
0000 0000 0000 0000 
0000 0000 0000 0000 
0000 0000 0000 0000 
0000 0000 0000 0000 
0000 0000 0000 0000 
0000 0000 0000 0000 
0000 0000 0000 0000 
0000 0000 0000 0000 
0000 0000 0000 0000 
0000 0000 0000 0000 
0000 0000 0000 0000 
0000 0000 0000 0000 
0000 0000 0000 0000 
0000 0000 0000 0000 
0000 0000 0000 0000 
0000 0000 0000 0000 
0000 0000 0000 0000 
0000 0000 0000 0000 
0000 0000 0000 0000 
0000 0000 0000 0000 
0000 0000 0000 0000 
0000 0000 0000 0000 
0000 0000 0000 0000 
0000 0000 0000 0000 
0000 0000 0000 0000 
0000 0000 0000 0000 
0000 0000 0000 0000 
0000 0000 0000 0000 
0000 0000 0000 0000 
0000 0000 0000 0000 
0000 0000 0000 0000 
0000 0000 0000 0000 
0000 0000 0000 0000 
0000 0000 0000 0000 
0000 0000 0000 0000 
0000 0000 0000 0000 
0000 0000 0000 0000 
0000 0000 0000 0000 
0000 0000 0000 0000 
0000 0000 0000 0000 
0000 0000 0000 0000 
0000 0000 0000 0000 
0000 0000 0000 0000 
0000 0000 0000 0000 
0000 0000 0000 0000 
0000 0000 0000 0000 
0000 0000 0000 0000 
0000 0000 0000 0000 
0000 0000 0000 0000 
0000 0000 0000 0000 
0000 0000 0000 0000 
0000 0000 0000 0000 
0000 0000 0000 0000 
0000 0000 0000 0000 
0000 0000 0000 0000 
0000 0000 0000 0000 
0000 0000 0000 0000 
0000 0000 0000 0000 
0000 0000 0000 0000 
0000 0000 0000 0000 
0000 0000 0000 0000 
0000 0000 0000 0000 
0000 0000 0000 0000 
0000 0000 0000 0000 
0000 0000 0000 0000 
0000 0000 0000 0000 
0000 0000 0000 0000 
0000 0000 0000 0000 
0000 0000 0000 0000 
0000 0000 0000 0000 
0000 0000 0000 0000 
0000 0000 0000 0000 
0000 0000 0000 0000 
0000 0000 0000 0000 
0000 0000 0000 0000 
0000 0000 0000 0000 
0000 0000 0000 0000 
0000 0000 0000 0000 
0000 0000 0000 0000 
0000 0000 0000 0000 
0000 0000 0000 0000 
0000 0000 0000 0000 
0000 0000 0000 0000 
0000 0000 0000 0000 
0000 0000 0000 0000 
0000 0000 0000 0000 
0000 0000 0000 0000 
0000 0000 0000 0000 
0000 0000 0000 0000 
0000 0000 0000 0000 
0000 0000 0000 0000 
0000 0000 0000 0000 
0000 0000 0000 0000 
0000 0000 0000 0000 
0000 0000 0000 0000 
0000 0000 0000 0000 
0000 0000 0000 0000 
0000 0000 0000 0000 
0000 0000 0000 0000 
0000 0000 0000 0000 
0000 0000 0000 0000 
0000 0000 0000 0000 
0000 0000 0000 0000 
0000 0000 0000 0000 
0000 0000 0000 0000 
0000 0000 0000 0000 
0000 0000 0000 0000 
0000 0000 0000 0000 
0000 0000 0000 0000 
0000 0000 0000 0000 
0000 0000 0000 0000 
0000 0000 0000 0000 
0000 0000 0000 0000 
0000 0000 0000 0000 
0000 0000 0000 0000 
0000 0000 0000 0000 
0000 0000 0000 0000 
0000 0000 0000 0000 
0000 0000 0000 0000 
0000 0000 0000 0000 
0000 0000 0000 0000 
0000 0000 0000 0000 
0000 0000 0000 0000 
0000 0000 0000 0000 
0000 0000 0000 0000 
0000 0000 0000 0000 
0000 0000 0000 0000 
0000 0000 0000 0000 
0000 0000 0000 0000 
0000 0000 0000 0000 
0000 0000 0000 0000 
0000 0000 0000 0000 
0000 0000 0000 0000 
0000 0000 0000 0000 
0000 0000 0000 0000 
0000 0000 0000 0000 
0000 0000 0000 0000 
0000 0000 0000 0000 
0000 0000 0000 0000 
0000 0000 0000 0000 
0000 0000 0000 0000 
0000 0000 0000 0000 
0000 0000 0000 0000 
0000 0000 0000 0000 
0000 0000 0000 0000 
0000 0000 0000 0000 
0000 0000 0000 0000 
0000 0000 0000 0000 
