0000 0000 0000 0101 
0000 0000 0000 0011 
0000 0000 0000 0010 
0000 0000 0000 1010 
0000 0010 1000 0000 
0100 0000 0000 0000 
0100 1000 0000 0000 
0100 1100 0000 0000 
0100 1110 0000 0000 
0000 0011 0001 1110 
0000 0000 0000 1000 
0000 0111 1010 0000 
0000 0000 0000 0000 
0000 0000 0000 0100 
0000 0000 0000 0000 
0100 0000 0000 1010 
0100 0111 0000 1001 
0000 0000 0000 0001 
0100 1100 0000 1010 
0100 1000 1000 0010 
0000 0000 0000 0000 
0000 0000 0000 0000 
0000 0000 0000 0000 
0000 0000 0000 0000 
0000 0000 0000 0000 
0000 0000 0000 0000 
0000 0000 0000 0000 
0000 0000 0000 0000 
0000 0000 0000 0000 
0000 0000 0000 0000 
0000 0000 0000 0000 
0000 0000 0000 0000 
0000 0000 0000 0000 
0000 0000 0000 0000 
0000 0000 0000 0000 
0000 0000 0000 0000 
0000 0000 0000 0000 
0000 0000 0000 0000 
0000 0000 0000 0000 
0000 0000 0000 0000 
0000 0000 0000 0000 
0000 0000 0000 0000 
0000 0000 0000 0000 
0000 0000 0000 0000 
0000 0000 0000 0000 
0000 0000 0000 0000 
0000 0000 0000 0000 
0000 0000 0000 0000 
0000 0000 0000 0000 
0000 0000 0000 0000 
0000 0000 0000 0000 
0000 0000 0000 0000 
0000 0000 0000 0000 
0000 0000 0000 0000 
0000 0000 0000 0000 
0000 0000 0000 0000 
0000 0000 0000 0000 
0000 0000 0000 0000 
0000 0000 0000 0000 
0000 0000 0000 0000 
0000 0000 0000 0000 
0000 0000 0000 0000 
0000 0000 0000 0000 
0000 0000 0000 0000 
0000 0000 0000 0110 
0000 0000 0000 0011 
0000 0000 0000 0000 
0000 0000 0000 1010 
0000 0010 1010 0000 
0101 0000 0000 0000 
0101 1000 0000 0000 
0101 1100 0000 0000 
0101 1110 0000 0000 
0000 0011 0001 1110 
0000 0000 0000 1000 
0000 0111 1010 1000 
0000 0000 0000 0000 
0000 0000 0000 0100 
0000 0000 0000 0000 
0101 0000 0000 0110 
1000 1100 0000 0000 
0000 0000 0000 0001 
0101 1100 0000 1010 
0010 1001 0101 1010 
0000 0000 0000 0000 
0000 0000 0000 0000 
0000 0000 0000 0000 
0000 0000 0000 0000 
0000 0000 0000 0000 
0000 0000 0000 0000 
0000 0000 0000 0000 
0000 0000 0000 0000 
0000 0000 0000 0000 
0000 0000 0000 0000 
0000 0000 0000 0000 
0000 0000 0000 0000 
0000 0000 0000 0000 
0000 0000 0000 0000 
0000 0000 0000 0000 
0000 0000 0000 0000 
0000 0000 0000 0000 
0000 0000 0000 0000 
0000 0000 0000 0000 
0000 0000 0000 0000 
0000 0000 0000 0000 
0000 0000 0000 0000 
0000 0000 0000 0000 
0000 0000 0000 0000 
0000 0000 0000 0000 
0000 0000 0000 0000 
0000 0000 0000 0000 
0000 0000 0000 0000 
0000 0000 0000 0000 
0000 0000 0000 0000 
0000 0000 0000 0000 
0000 0000 0000 0000 
0000 0000 0000 0000 
0000 0000 0000 0000 
0000 0000 0000 0000 
0000 0000 0000 0000 
0000 0000 0000 0000 
0000 0000 0000 0000 
0000 0000 0000 0000 
0000 0000 0000 0000 
0000 0000 0000 0000 
0000 0000 0000 0000 
0000 0000 0000 0000 
0000 0000 0000 0000 
0000 0000 0000 0111 
0000 0000 0000 0001 
0000 0000 0000 0000 
0000 0000 0000 0010 
0000 0010 1100 0000 
0110 0000 0000 0000 
0110 1000 0000 0000 
0110 1100 0000 0000 
0110 1110 0000 0000 
0000 0011 0010 0110 
0000 0000 0000 1000 
0000 0111 1011 0000 
0000 0000 0000 0000 
0000 0000 0000 0100 
0000 0000 0000 0000 
0110 0000 0000 0000 
0000 0000 0000 0000 
0000 0000 0000 0000 
0110 1100 0000 0000 
0000 0000 0000 0000 
0000 0000 0000 0000 
0000 0000 0000 0000 
0000 0000 0000 0000 
0000 0000 0000 0000 
0000 0000 0000 0000 
0000 0000 0000 0000 
0000 0000 0000 0000 
0000 0000 0000 0000 
0000 0000 0000 0000 
0000 0000 0000 0000 
0000 0000 0000 0000 
0000 0000 0000 0000 
0000 0000 0000 0000 
0000 0000 0000 0000 
0000 0000 0000 0000 
0000 0000 0000 0000 
0000 0000 0000 0000 
0000 0000 0000 0000 
0000 0000 0000 0000 
0000 0000 0000 0000 
0000 0000 0000 0000 
0000 0000 0000 0000 
0000 0000 0000 0000 
0000 0000 0000 0000 
0000 0000 0000 0000 
0000 0000 0000 0000 
0000 0000 0000 0000 
0000 0000 0000 0000 
0000 0000 0000 0000 
0000 0000 0000 0000 
0000 0000 0000 0000 
0000 0000 0000 0000 
0000 0000 0000 0000 
0000 0000 0000 0000 
0000 0000 0000 0000 
0000 0000 0000 0000 
0000 0000 0000 0000 
0000 0000 0000 0000 
0000 0000 0000 0000 
0000 0000 0000 0000 
0000 0000 0000 0000 
0000 0000 0000 0000 
0000 0000 0000 0000 
0000 0000 0000 0000 
0000 0000 0000 1000 
0000 0000 0000 0011 
0000 0000 0000 0010 
0000 0000 0000 1001 
0000 0010 1110 0000 
0111 0000 0000 0000 
0111 1000 0000 0000 
0111 1100 0000 0000 
0111 1110 0000 0000 
0000 0011 0010 1000 
0000 0000 0000 1000 
0000 0111 1011 1000 
0000 0000 0000 0000 
0000 0000 0000 0100 
0000 0000 0000 0000 
0111 0100 0011 0110 
0100 0111 0000 1010 
0000 0000 0000 0001 
0111 1100 0001 0100 
0111 1010 0011 0100 
0000 0000 0000 0000 
0000 0000 0000 0000 
0000 0000 0000 0000 
0000 0000 0000 0000 
0000 0000 0000 0000 
0000 0000 0000 0000 
0000 0000 0000 0000 
0000 0000 0000 0000 
0000 0000 0000 0000 
0000 0000 0000 0000 
0000 0000 0000 0000 
0000 0000 0000 0000 
0000 0000 0000 0000 
0000 0000 0000 0000 
0000 0000 0000 0000 
0000 0000 0000 0000 
0000 0000 0000 0000 
0000 0000 0000 0000 
0000 0000 0000 0000 
0000 0000 0000 0000 
0000 0000 0000 0000 
0000 0000 0000 0000 
0000 0000 0000 0000 
0000 0000 0000 0000 
0000 0000 0000 0000 
0000 0000 0000 0000 
0000 0000 0000 0000 
0000 0000 0000 0000 
0000 0000 0000 0000 
0000 0000 0000 0000 
0000 0000 0000 0000 
0000 0000 0000 0000 
0000 0000 0000 0000 
0000 0000 0000 0000 
0000 0000 0000 0000 
0000 0000 0000 0000 
0000 0000 0000 0000 
0000 0000 0000 0000 
0000 0000 0000 0000 
0000 0000 0000 0000 
0000 0000 0000 0000 
0000 0000 0000 0000 
0000 0000 0000 0000 
0000 0000 0000 0000 
