0001 1100 0000 0000 
0001 0000 0000 0100 
0010 0111 0000 1000 
0000 0000 0000 0000 
0000 0000 0000 0000 
0001 1100 0000 1010 
0001 0010 0001 0000 
0100 0111 0000 1000 
0000 0000 0000 0001 
0001 1001 0010 1110 
1100 0000 0000 0000 
1100 0000 0000 0000 
1100 0000 0000 0000 
1100 0000 0000 0000 
1100 0000 0000 0000 
1100 0000 0000 0000 
1100 0000 0000 0000 
1100 0000 0000 0000 
1100 0000 0000 0000 
1100 0000 0000 0000 
1100 0000 0000 0000 
1100 0000 0000 0000 
1100 0000 0000 0000 
1100 0000 0000 0000 
1100 0000 0000 0000 
1100 0000 0000 0000 
1100 0000 0000 0000 
1100 0000 0000 0000 
1100 0000 0000 0000 
1100 0000 0000 0000 
1100 0000 0000 0000 
1100 0000 0000 0000 
1100 0000 0000 0000 
1100 0000 0000 0000 
1100 0000 0000 0000 
1100 0000 0000 0000 
1100 0000 0000 0000 
1100 0000 0000 0000 
1100 0000 0000 0000 
1100 0000 0000 0000 
1100 0000 0000 0000 
1100 0000 0000 0000 
1100 0000 0000 0000 
1100 0000 0000 0000 
1100 0000 0000 0000 
1100 0000 0000 0000 
1100 0000 0000 0000 
1100 0000 0000 0000 
1100 0000 0000 0000 
1100 0000 0000 0000 
1100 0000 0000 0000 
1100 0000 0000 0000 
1100 0000 0000 0000 
1100 0000 0000 0000 
1100 0000 0000 0000 
1100 0000 0000 0000 
1100 0000 0000 0000 
1100 0000 0000 0000 
1100 0000 0000 0000 
1100 0000 0000 0000 
1100 0000 0000 0000 
1100 0000 0000 0000 
1100 0000 0000 0000 
1100 0000 0000 0000 
1100 0000 0000 0000 
1100 0000 0000 0000 
1100 0000 0000 0000 
1100 0000 0000 0000 
1100 0000 0000 0000 
1100 0000 0000 0000 
1100 0000 0000 0000 
1100 0000 0000 0000 
1100 0000 0000 0000 
1100 0000 0000 0000 
1100 0000 0000 0000 
1100 0000 0000 0000 
1100 0000 0000 0000 
1100 0000 0000 0000 
1100 0000 0000 0000 
1100 0000 0000 0000 
1100 0000 0000 0000 
1100 0000 0000 0000 
1100 0000 0000 0000 
1100 0000 0000 0000 
1100 0000 0000 0000 
1100 0000 0000 0000 
1100 0000 0000 0000 
1100 0000 0000 0000 
1100 0000 0000 0000 
1100 0000 0000 0000 
1100 0000 0000 0000 
1100 0000 0000 0000 
1100 0000 0000 0000 
1100 0000 0000 0000 
1100 0000 0000 0000 
1100 0000 0000 0000 
1100 0000 0000 0000 
1100 0000 0000 0000 
1100 0000 0000 0000 
1100 0000 0000 0000 
1100 0000 0000 0000 
1100 0000 0000 0000 
1100 0000 0000 0000 
1100 0000 0000 0000 
1100 0000 0000 0000 
1100 0000 0000 0000 
1100 0000 0000 0000 
1100 0000 0000 0000 
1100 0000 0000 0000 
1100 0000 0000 0000 
1100 0000 0000 0000 
1100 0000 0000 0000 
1100 0000 0000 0000 
1100 0000 0000 0000 
1100 0000 0000 0000 
1100 0000 0000 0000 
1100 0000 0000 0000 
1100 0000 0000 0000 
1100 0000 0000 0000 
1100 0000 0000 0000 
1100 0000 0000 0000 
1100 0000 0000 0000 
1100 0000 0000 0000 
1100 0000 0000 0000 
1100 0000 0000 0000 
1100 0000 0000 0000 
1100 0000 0000 0000 
1100 0000 0000 0000 
1100 0000 0000 0000 
1100 0000 0000 0000 
1100 0000 0000 0000 
1100 0000 0000 0000 
1100 0000 0000 0000 
1100 0000 0000 0000 
1100 0000 0000 0000 
1100 0000 0000 0000 
1100 0000 0000 0000 
1100 0000 0000 0000 
1100 0000 0000 0000 
1100 0000 0000 0000 
1100 0000 0000 0000 
1100 0000 0000 0000 
1100 0000 0000 0000 
1100 0000 0000 0000 
1100 0000 0000 0000 
1100 0000 0000 0000 
1100 0000 0000 0000 
1100 0000 0000 0000 
1100 0000 0000 0000 
1100 0000 0000 0000 
1100 0000 0000 0000 
1100 0000 0000 0000 
1100 0000 0000 0000 
1100 0000 0000 0000 
1100 0000 0000 0000 
1100 0000 0000 0000 
1100 0000 0000 0000 
1100 0000 0000 0000 
1100 0000 0000 0000 
1100 0000 0000 0000 
1100 0000 0000 0000 
1100 0000 0000 0000 
1100 0000 0000 0000 
1100 0000 0000 0000 
1100 0000 0000 0000 
1100 0000 0000 0000 
1100 0000 0000 0000 
1100 0000 0000 0000 
1100 0000 0000 0000 
1100 0000 0000 0000 
1100 0000 0000 0000 
1100 0000 0000 0000 
1100 0000 0000 0000 
1100 0000 0000 0000 
1100 0000 0000 0000 
1100 0000 0000 0000 
1100 0000 0000 0000 
1100 0000 0000 0000 
1100 0000 0000 0000 
1100 0000 0000 0000 
1100 0000 0000 0000 
1100 0000 0000 0000 
1100 0000 0000 0000 
1100 0000 0000 0000 
1100 0000 0000 0000 
1100 0000 0000 0000 
1100 0000 0000 0000 
1100 0000 0000 0000 
1100 0000 0000 0000 
1100 0000 0000 0000 
1100 0000 0000 0000 
1100 0000 0000 0000 
1100 0000 0000 0000 
1100 0000 0000 0000 
1100 0000 0000 0000 
1100 0000 0000 0000 
1100 0000 0000 0000 
1100 0000 0000 0000 
1100 0000 0000 0000 
1100 0000 0000 0000 
1100 0000 0000 0000 
1100 0000 0000 0000 
1100 0000 0000 0000 
1100 0000 0000 0000 
1100 0000 0000 0000 
1100 0000 0000 0000 
1100 0000 0000 0000 
1100 0000 0000 0000 
1100 0000 0000 0000 
1100 0000 0000 0000 
1100 0000 0000 0000 
1100 0000 0000 0000 
1100 0000 0000 0000 
1100 0000 0000 0000 
1100 0000 0000 0000 
1100 0000 0000 0000 
1100 0000 0000 0000 
1100 0000 0000 0000 
1100 0000 0000 0000 
1100 0000 0000 0000 
1100 0000 0000 0000 
1100 0000 0000 0000 
1100 0000 0000 0000 
1100 0000 0000 0000 
1100 0000 0000 0000 
1100 0000 0000 0000 
1100 0000 0000 0000 
1100 0000 0000 0000 
1100 0000 0000 0000 
1100 0000 0000 0000 
1100 0000 0000 0000 
1100 0000 0000 0000 
1100 0000 0000 0000 
1100 0000 0000 0000 
1100 0000 0000 0000 
1100 0000 0000 0000 
1100 0000 0000 0000 
1100 0000 0000 0000 
1100 0000 0000 0000 
1100 0000 0000 0000 
1100 0000 0000 0000 
1100 0000 0000 0000 
1100 0000 0000 0000 
1100 0000 0000 0000 
1100 0000 0000 0000 
1100 0000 0000 0000 
1100 0000 0000 0000 
1100 0000 0000 0000 
1100 0000 0000 0000 
1100 0000 0000 0000 
1100 0000 0000 0000 
1100 0000 0000 0000 
1100 0000 0000 0000 
1100 0000 0000 0000 
1100 0000 0000 0000 
1100 0000 0000 0000 
