0010 1100 0000 0000 
0010 0000 0000 0010 
1011 1101 0101 1010 
0000 0000 0000 0000 
0010 1001 0101 1010 
1100 0000 0000 0000 
1100 0000 0000 0000 
1100 0000 0000 0000 
0010 0111 0000 1000 
1110 0001 1111 1110 
1100 0000 0000 0000 
1100 0000 0000 0000 
1100 0000 0000 0000 
1100 0000 0000 0000 
1100 0000 0000 0000 
1100 0000 0000 0000 
1100 0000 0000 0000 
1100 0000 0000 0000 
1100 0000 0000 0000 
1100 0000 0000 0000 
1100 0000 0000 0000 
1100 0000 0000 0000 
1100 0000 0000 0000 
1100 0000 0000 0000 
1100 0000 0000 0000 
1100 0000 0000 0000 
1100 0000 0000 0000 
1100 0000 0000 0000 
1100 0000 0000 0000 
1100 0000 0000 0000 
1100 0000 0000 0000 
1100 0000 0000 0000 
1100 0000 0000 0000 
1100 0000 0000 0000 
1100 0000 0000 0000 
1100 0000 0000 0000 
1100 0000 0000 0000 
1100 0000 0000 0000 
1100 0000 0000 0000 
1100 0000 0000 0000 
1100 0000 0000 0000 
1100 0000 0000 0000 
1100 0000 0000 0000 
1100 0000 0000 0000 
1100 0000 0000 0000 
1100 0000 0000 0000 
1100 0000 0000 0000 
1100 0000 0000 0000 
1100 0000 0000 0000 
1100 0000 0000 0000 
1100 0000 0000 0000 
1100 0000 0000 0000 
1100 0000 0000 0000 
1100 0000 0000 0000 
1100 0000 0000 0000 
1100 0000 0000 0000 
1100 0000 0000 0000 
1100 0000 0000 0000 
1100 0000 0000 0000 
1100 0000 0000 0000 
1100 0000 0000 0000 
1100 0000 0000 0000 
1100 0000 0000 0000 
1100 0000 0000 0000 
1100 0000 0000 0000 
1100 0000 0000 0000 
1100 0000 0000 0000 
1100 0000 0000 0000 
1100 0000 0000 0000 
1100 0000 0000 0000 
1100 0000 0000 0000 
1100 0000 0000 0000 
1100 0000 0000 0000 
1100 0000 0000 0000 
1100 0000 0000 0000 
1100 0000 0000 0000 
1100 0000 0000 0000 
1100 0000 0000 0000 
1100 0000 0000 0000 
1100 0000 0000 0000 
1100 0000 0000 0000 
1100 0000 0000 0000 
1100 0000 0000 0000 
1100 0000 0000 0000 
1100 0000 0000 0000 
1100 0000 0000 0000 
1100 0000 0000 0000 
1100 0000 0000 0000 
1100 0000 0000 0000 
1100 0000 0000 0000 
1100 0000 0000 0000 
1100 0000 0000 0000 
1100 0000 0000 0000 
1100 0000 0000 0000 
1100 0000 0000 0000 
1100 0000 0000 0000 
1100 0000 0000 0000 
1100 0000 0000 0000 
1100 0000 0000 0000 
1100 0000 0000 0000 
1100 0000 0000 0000 
1100 0000 0000 0000 
1100 0000 0000 0000 
1100 0000 0000 0000 
1100 0000 0000 0000 
1100 0000 0000 0000 
1100 0000 0000 0000 
1100 0000 0000 0000 
1100 0000 0000 0000 
1100 0000 0000 0000 
1100 0000 0000 0000 
1100 0000 0000 0000 
1100 0000 0000 0000 
1100 0000 0000 0000 
1100 0000 0000 0000 
1100 0000 0000 0000 
1100 0000 0000 0000 
1100 0000 0000 0000 
1100 0000 0000 0000 
1100 0000 0000 0000 
1100 0000 0000 0000 
1100 0000 0000 0000 
1100 0000 0000 0000 
1100 0000 0000 0000 
1100 0000 0000 0000 
1100 0000 0000 0000 
1100 0000 0000 0000 
1100 0000 0000 0000 
1100 0000 0000 0000 
1100 0000 0000 0000 
1100 0000 0000 0000 
1100 0000 0000 0000 
1100 0000 0000 0000 
1100 0000 0000 0000 
1100 0000 0000 0000 
1100 0000 0000 0000 
1100 0000 0000 0000 
1100 0000 0000 0000 
1100 0000 0000 0000 
1100 0000 0000 0000 
1100 0000 0000 0000 
1100 0000 0000 0000 
1100 0000 0000 0000 
1100 0000 0000 0000 
1100 0000 0000 0000 
1100 0000 0000 0000 
1100 0000 0000 0000 
1100 0000 0000 0000 
1100 0000 0000 0000 
1100 0000 0000 0000 
1100 0000 0000 0000 
1100 0000 0000 0000 
1100 0000 0000 0000 
1100 0000 0000 0000 
1100 0000 0000 0000 
1100 0000 0000 0000 
1100 0000 0000 0000 
1100 0000 0000 0000 
1100 0000 0000 0000 
1100 0000 0000 0000 
1100 0000 0000 0000 
1100 0000 0000 0000 
1100 0000 0000 0000 
1100 0000 0000 0000 
1100 0000 0000 0000 
1100 0000 0000 0000 
1100 0000 0000 0000 
1100 0000 0000 0000 
1100 0000 0000 0000 
1100 0000 0000 0000 
1100 0000 0000 0000 
1100 0000 0000 0000 
1100 0000 0000 0000 
1100 0000 0000 0000 
1100 0000 0000 0000 
1100 0000 0000 0000 
1100 0000 0000 0000 
1100 0000 0000 0000 
1100 0000 0000 0000 
1100 0000 0000 0000 
1100 0000 0000 0000 
1100 0000 0000 0000 
1100 0000 0000 0000 
1100 0000 0000 0000 
1100 0000 0000 0000 
1100 0000 0000 0000 
1100 0000 0000 0000 
1100 0000 0000 0000 
1100 0000 0000 0000 
1100 0000 0000 0000 
1100 0000 0000 0000 
1100 0000 0000 0000 
1100 0000 0000 0000 
1100 0000 0000 0000 
1100 0000 0000 0000 
1100 0000 0000 0000 
1100 0000 0000 0000 
1100 0000 0000 0000 
1100 0000 0000 0000 
1100 0000 0000 0000 
1100 0000 0000 0000 
1100 0000 0000 0000 
1100 0000 0000 0000 
1100 0000 0000 0000 
1100 0000 0000 0000 
1100 0000 0000 0000 
1100 0000 0000 0000 
1100 0000 0000 0000 
1100 0000 0000 0000 
1100 0000 0000 0000 
1100 0000 0000 0000 
1100 0000 0000 0000 
1100 0000 0000 0000 
1100 0000 0000 0000 
1100 0000 0000 0000 
1100 0000 0000 0000 
1100 0000 0000 0000 
1100 0000 0000 0000 
1100 0000 0000 0000 
1100 0000 0000 0000 
1100 0000 0000 0000 
1100 0000 0000 0000 
1100 0000 0000 0000 
1100 0000 0000 0000 
1100 0000 0000 0000 
1100 0000 0000 0000 
1100 0000 0000 0000 
1100 0000 0000 0000 
1100 0000 0000 0000 
1100 0000 0000 0000 
1100 0000 0000 0000 
1100 0000 0000 0000 
1100 0000 0000 0000 
1100 0000 0000 0000 
1100 0000 0000 0000 
1100 0000 0000 0000 
1100 0000 0000 0000 
1100 0000 0000 0000 
1100 0000 0000 0000 
1100 0000 0000 0000 
1100 0000 0000 0000 
1100 0000 0000 0000 
1100 0000 0000 0000 
1100 0000 0000 0000 
1100 0000 0000 0000 
1100 0000 0000 0000 
1100 0000 0000 0000 
1100 0000 0000 0000 
1100 0000 0000 0000 
1100 0000 0000 0000 
1100 0000 0000 0000 
1100 0000 0000 0000 
1100 0000 0000 0000 
1100 0000 0000 0000 
1100 0000 0000 0000 
1100 0000 0000 0000 
