0011 1100 0000 0000 
0011 0000 0000 0010 
1010 1101 0101 1100 
0000 0000 0000 0000 
0011 1001 0101 1100 
0011 1100 0000 1010 
0011 0000 0000 0010 
1010 1101 0101 1100 
0000 0000 0000 0001 
0011 1001 0101 1100 
1100 0000 0000 0000 
1100 0000 0000 0000 
1100 0000 0000 0000 
1100 0000 0000 0000 
1100 0000 0000 0000 
1100 0000 0000 0000 
1100 0000 0000 0000 
1100 0000 0000 0000 
1100 0000 0000 0000 
1100 0000 0000 0000 
1100 0000 0000 0000 
1100 0000 0000 0000 
1100 0000 0000 0000 
1100 0000 0000 0000 
1100 0000 0000 0000 
1100 0000 0000 0000 
1100 0000 0000 0000 
1100 0000 0000 0000 
1100 0000 0000 0000 
1100 0000 0000 0000 
1100 0000 0000 0000 
1100 0000 0000 0000 
1100 0000 0000 0000 
1100 0000 0000 0000 
1100 0000 0000 0000 
1100 0000 0000 0000 
1100 0000 0000 0000 
1100 0000 0000 0000 
1100 0000 0000 0000 
1100 0000 0000 0000 
1100 0000 0000 0000 
1100 0000 0000 0000 
1100 0000 0000 0000 
1100 0000 0000 0000 
1100 0000 0000 0000 
1100 0000 0000 0000 
1100 0000 0000 0000 
1100 0000 0000 0000 
1100 0000 0000 0000 
1100 0000 0000 0000 
1100 0000 0000 0000 
1100 0000 0000 0000 
1100 0000 0000 0000 
1100 0000 0000 0000 
1100 0000 0000 0000 
1100 0000 0000 0000 
1100 0000 0000 0000 
1100 0000 0000 0000 
1100 0000 0000 0000 
1100 0000 0000 0000 
1100 0000 0000 0000 
1100 0000 0000 0000 
1100 0000 0000 0000 
1100 0000 0000 0000 
1100 0000 0000 0000 
1100 0000 0000 0000 
1100 0000 0000 0000 
1100 0000 0000 0000 
1100 0000 0000 0000 
1100 0000 0000 0000 
1100 0000 0000 0000 
1100 0000 0000 0000 
1100 0000 0000 0000 
1100 0000 0000 0000 
1100 0000 0000 0000 
1100 0000 0000 0000 
1100 0000 0000 0000 
1100 0000 0000 0000 
1100 0000 0000 0000 
1100 0000 0000 0000 
1100 0000 0000 0000 
1100 0000 0000 0000 
1100 0000 0000 0000 
1100 0000 0000 0000 
1100 0000 0000 0000 
1100 0000 0000 0000 
1100 0000 0000 0000 
1100 0000 0000 0000 
1100 0000 0000 0000 
1100 0000 0000 0000 
1100 0000 0000 0000 
1100 0000 0000 0000 
1100 0000 0000 0000 
1100 0000 0000 0000 
1100 0000 0000 0000 
1100 0000 0000 0000 
1100 0000 0000 0000 
1100 0000 0000 0000 
1100 0000 0000 0000 
1100 0000 0000 0000 
1100 0000 0000 0000 
1100 0000 0000 0000 
1100 0000 0000 0000 
1100 0000 0000 0000 
1100 0000 0000 0000 
1100 0000 0000 0000 
1100 0000 0000 0000 
1100 0000 0000 0000 
1100 0000 0000 0000 
1100 0000 0000 0000 
1100 0000 0000 0000 
1100 0000 0000 0000 
1100 0000 0000 0000 
1100 0000 0000 0000 
1100 0000 0000 0000 
1100 0000 0000 0000 
1100 0000 0000 0000 
1100 0000 0000 0000 
1100 0000 0000 0000 
1100 0000 0000 0000 
1100 0000 0000 0000 
1100 0000 0000 0000 
1100 0000 0000 0000 
1100 0000 0000 0000 
1100 0000 0000 0000 
1100 0000 0000 0000 
1100 0000 0000 0000 
1100 0000 0000 0000 
1100 0000 0000 0000 
1100 0000 0000 0000 
1100 0000 0000 0000 
1100 0000 0000 0000 
1100 0000 0000 0000 
1100 0000 0000 0000 
1100 0000 0000 0000 
1100 0000 0000 0000 
1100 0000 0000 0000 
1100 0000 0000 0000 
1100 0000 0000 0000 
1100 0000 0000 0000 
1100 0000 0000 0000 
1100 0000 0000 0000 
1100 0000 0000 0000 
1100 0000 0000 0000 
1100 0000 0000 0000 
1100 0000 0000 0000 
1100 0000 0000 0000 
1100 0000 0000 0000 
1100 0000 0000 0000 
1100 0000 0000 0000 
1100 0000 0000 0000 
1100 0000 0000 0000 
1100 0000 0000 0000 
1100 0000 0000 0000 
1100 0000 0000 0000 
1100 0000 0000 0000 
1100 0000 0000 0000 
1100 0000 0000 0000 
1100 0000 0000 0000 
1100 0000 0000 0000 
1100 0000 0000 0000 
1100 0000 0000 0000 
1100 0000 0000 0000 
1100 0000 0000 0000 
1100 0000 0000 0000 
1100 0000 0000 0000 
1100 0000 0000 0000 
1100 0000 0000 0000 
1100 0000 0000 0000 
1100 0000 0000 0000 
1100 0000 0000 0000 
1100 0000 0000 0000 
1100 0000 0000 0000 
1100 0000 0000 0000 
1100 0000 0000 0000 
1100 0000 0000 0000 
1100 0000 0000 0000 
1100 0000 0000 0000 
1100 0000 0000 0000 
1100 0000 0000 0000 
1100 0000 0000 0000 
1100 0000 0000 0000 
1100 0000 0000 0000 
1100 0000 0000 0000 
1100 0000 0000 0000 
1100 0000 0000 0000 
1100 0000 0000 0000 
1100 0000 0000 0000 
1100 0000 0000 0000 
1100 0000 0000 0000 
1100 0000 0000 0000 
1100 0000 0000 0000 
1100 0000 0000 0000 
1100 0000 0000 0000 
1100 0000 0000 0000 
1100 0000 0000 0000 
1100 0000 0000 0000 
1100 0000 0000 0000 
1100 0000 0000 0000 
1100 0000 0000 0000 
1100 0000 0000 0000 
1100 0000 0000 0000 
1100 0000 0000 0000 
1100 0000 0000 0000 
1100 0000 0000 0000 
1100 0000 0000 0000 
1100 0000 0000 0000 
1100 0000 0000 0000 
1100 0000 0000 0000 
1100 0000 0000 0000 
1100 0000 0000 0000 
1100 0000 0000 0000 
1100 0000 0000 0000 
1100 0000 0000 0000 
1100 0000 0000 0000 
1100 0000 0000 0000 
1100 0000 0000 0000 
1100 0000 0000 0000 
1100 0000 0000 0000 
1100 0000 0000 0000 
1100 0000 0000 0000 
1100 0000 0000 0000 
1100 0000 0000 0000 
1100 0000 0000 0000 
1100 0000 0000 0000 
1100 0000 0000 0000 
1100 0000 0000 0000 
1100 0000 0000 0000 
1100 0000 0000 0000 
1100 0000 0000 0000 
1100 0000 0000 0000 
1100 0000 0000 0000 
1100 0000 0000 0000 
1100 0000 0000 0000 
1100 0000 0000 0000 
1100 0000 0000 0000 
1100 0000 0000 0000 
1100 0000 0000 0000 
1100 0000 0000 0000 
1100 0000 0000 0000 
1100 0000 0000 0000 
1100 0000 0000 0000 
1100 0000 0000 0000 
1100 0000 0000 0000 
1100 0000 0000 0000 
1100 0000 0000 0000 
1100 0000 0000 0000 
1100 0000 0000 0000 
1100 0000 0000 0000 
1100 0000 0000 0000 
1100 0000 0000 0000 
1100 0000 0000 0000 
1100 0000 0000 0000 
1100 0000 0000 0000 
1100 0000 0000 0000 
1100 0000 0000 0000 
