1100 0000 0000 0000 
1100 0000 0000 0000 
1100 0000 0000 0000 
1100 0000 0000 0000 
1100 0000 0000 0000 
1100 0000 0000 0000 
1100 0000 0000 0000 
1100 0000 0000 0000 
1100 0000 0000 0000 
1100 0000 0000 0000 
1100 0000 0000 0000 
1100 0000 0000 0000 
1100 0000 0000 0000 
1100 0000 0000 0000 
1100 0000 0000 0000 
1100 0000 0000 0000 
1100 0000 0000 0000 
1100 0000 0000 0000 
1100 0000 0000 0000 
1100 0000 0000 0000 
1100 0000 0000 0000 
1100 0000 0000 0000 
1100 0000 0000 0000 
1100 0000 0000 0000 
1100 0000 0000 0000 
1100 0000 0000 0000 
1100 0000 0000 0000 
1100 0000 0000 0000 
1100 0000 0000 0000 
1100 0000 0000 0000 
1100 0000 0000 0000 
1100 0000 0000 0000 
1100 0000 0000 0000 
1100 0000 0000 0000 
1100 0000 0000 0000 
1100 0000 0000 0000 
1100 0000 0000 0000 
1100 0000 0000 0000 
1100 0000 0000 0000 
1100 0000 0000 0000 
1010 1101 1000 0110 
1100 0000 0000 0000 
1100 0000 0000 0000 
1100 0000 0000 0000 
1100 0000 0000 0000 
1100 0000 0000 0000 
1100 0000 0000 0000 
1100 0000 0000 0000 
1100 0000 0000 0000 
1000 0011 1000 0000 
1100 0000 0000 0000 
0010 0111 0000 1000 
1100 0000 0000 0000 
0010 0111 0000 1000 
1100 0000 0000 0000 
0010 0111 0000 1010 
1100 0000 0000 0000 
1100 0000 0000 0000 
1100 0000 0000 0000 
1100 0000 0000 0000 
1100 0000 0000 0000 
1100 0000 0000 0000 
1100 0000 0000 0000 
1100 0000 0000 0000 
1100 0000 0000 0000 
0110 0100 1000 0000 
1100 0000 0000 0000 
0110 0011 1000 0000 
1100 0000 0000 0000 
1100 0000 0000 0000 
1100 0000 0000 0000 
1100 0000 0000 0000 
1011 1100 1011 0000 
0100 0111 0000 1011 
1100 0000 0000 0000 
1100 0000 0000 0000 
1100 0000 0000 0000 
1011 1101 1100 1100 
1100 0000 0000 0000 
1100 0000 0000 0000 
1001 1011 1000 0000 
1100 0000 0000 0000 
1100 0000 0000 0000 
1100 0000 0000 0000 
1100 0000 0000 0000 
0110 0010 1000 0000 
0100 0111 0000 1001 
1100 0000 0000 0000 
1100 0000 0000 0000 
1100 0000 0000 0000 
1100 0000 0000 0000 
1100 0000 0000 0000 
1100 0000 0000 0000 
1100 0000 0000 0000 
0100 0111 0000 1000 
0010 0111 0000 1010 
1100 0000 0000 0000 
1100 0000 0000 0000 
1100 0000 0000 0000 
0000 0000 0000 0000 
0000 0000 0000 0000 
0000 0000 0000 0000 
0000 0000 0000 0000 
0000 0000 0000 0000 
0000 0000 0000 0000 
0000 0000 0000 0000 
0000 0000 0000 0000 
0000 0000 0000 0000 
0000 0000 0000 0000 
0000 0000 0000 0000 
0000 0000 0000 0000 
0000 0000 0000 0000 
0000 0000 0000 0000 
0000 0000 0000 0000 
0000 0000 0000 0000 
0000 0000 0000 0000 
0000 0000 0000 0000 
0000 0000 0000 0000 
0000 0000 0000 0000 
0000 0000 0000 0000 
0000 0000 0000 0000 
0000 0000 0000 0000 
0000 0000 0000 0000 
0000 0000 0000 0000 
0000 0000 0000 0000 
0000 0000 0000 0000 
0000 0000 0000 0000 
0000 0000 0000 0000 
0000 0000 0000 0000 
0000 0000 0000 0000 
0000 0000 0000 0000 
0000 0000 0000 0000 
0000 0000 0000 0000 
0000 0000 0000 0000 
0000 0000 0000 0000 
0000 0000 0000 0000 
0000 0000 0000 0000 
0000 0000 0000 0000 
0000 0000 0000 0000 
0000 0000 0000 0000 
0000 0000 0000 0000 
0000 0000 0000 0000 
0000 0000 0000 0000 
0000 0000 0000 0000 
0000 0000 0000 0000 
0000 0000 0000 0000 
0000 0000 0000 0000 
0000 0000 0000 0000 
0000 0000 0000 0000 
0000 0000 0000 0000 
0000 0000 0000 0000 
0000 0000 0000 0000 
0000 0000 0000 0000 
0000 0000 0000 0000 
0000 0000 0000 0000 
0000 0000 0000 0000 
0000 0000 0000 0000 
0000 0000 0000 0000 
0000 0000 0000 0000 
0000 0000 0000 0000 
0000 0000 0000 0000 
0000 0000 0000 0000 
0000 0000 0000 0000 
0000 0000 0000 0000 
0000 0000 0000 0000 
0000 0000 0000 0000 
0000 0000 0000 0000 
0000 0000 0000 0000 
0000 0000 0000 0000 
0000 0000 0000 0000 
0000 0000 0000 0000 
0000 0000 0000 0000 
0000 0000 0000 0000 
0000 0000 0000 0000 
0000 0000 0000 0000 
0000 0000 0000 0000 
0000 0000 0000 0000 
0000 0000 0000 0000 
0000 0000 0000 0000 
0000 0000 0000 0000 
0000 0000 0000 0000 
0000 0000 0000 0000 
0000 0000 0000 0000 
0000 0000 0000 0000 
0000 0000 0000 0000 
0000 0000 0000 0000 
0000 0000 0000 0000 
0000 0000 0000 0000 
0000 0000 0000 0000 
0000 0000 0000 0000 
0000 0000 0000 0000 
0000 0000 0000 0000 
0000 0000 0000 0000 
0000 0000 0000 0000 
0000 0000 0000 0000 
0000 0000 0000 0000 
0000 0000 0000 0000 
0000 0000 0000 0000 
0000 0000 0000 0000 
0000 0000 0000 0000 
0000 0000 0000 0000 
0000 0000 0000 0000 
0000 0000 0000 0000 
0000 0000 0000 0000 
0000 0000 0000 0000 
0000 0000 0000 0000 
0000 0000 0000 0000 
0000 0000 0000 0000 
0000 0000 0000 0000 
0000 0000 0000 0000 
0000 0000 0000 0000 
0000 0000 0000 0000 
0000 0000 0000 0000 
0000 0000 0000 0000 
0000 0000 0000 0000 
0000 0000 0000 0000 
0000 0000 0000 0000 
0000 0000 0000 0000 
0000 0000 0000 0000 
0000 0000 0000 0000 
0000 0000 0000 0000 
0000 0000 0000 0000 
0000 0000 0000 0000 
0000 0000 0000 0000 
0000 0000 0000 0000 
0000 0000 0000 0000 
0000 0000 0000 0000 
0000 0000 0000 0000 
0000 0000 0000 0000 
0000 0000 0000 0000 
0000 0000 0000 0000 
0000 0000 0000 0000 
0000 0000 0000 0000 
0000 0000 0000 0000 
0000 0000 0000 0000 
0000 0000 0000 0000 
0000 0000 0000 0000 
0000 0000 0000 0000 
0000 0000 0000 0000 
0000 0000 0000 0000 
0000 0000 0000 0000 
0000 0000 0000 0000 
0000 0000 0000 0000 
0000 0000 0000 0000 
0000 0000 0000 0000 
0000 0000 0000 0000 
0000 0000 0000 0000 
0000 0000 0000 0000 
0000 0000 0000 0000 
0000 0000 0000 0000 
0000 0000 0000 0000 
0000 0000 0000 0000 
0000 0000 0000 0000 
0000 0000 0000 0000 
0000 0000 0000 0000 
0000 0000 0000 0000 
