1100 0000 0000 0000 
1100 0000 0000 0000 
1100 0000 0000 0000 
1100 0000 0000 0000 
1100 0000 0000 0000 
1100 0000 0000 0000 
1100 0000 0000 0000 
1100 0000 0000 0000 
1100 0000 0000 0000 
1100 0000 0000 0000 
1100 0000 0000 0000 
1100 0000 0000 0000 
1100 0000 0000 0000 
1100 0000 0000 0000 
1100 0000 0000 0000 
1100 0000 0000 0000 
1100 0000 0000 0000 
1100 0000 0000 0000 
1100 0000 0000 0000 
1100 0000 0000 0000 
1100 0000 0000 0000 
1100 0000 0000 0000 
1100 0000 0000 0000 
1100 0000 0000 0000 
1100 0000 0000 0000 
1100 0000 0000 0000 
1100 0000 0000 0000 
1100 0000 0000 0000 
1001 0010 1000 0000 
1011 1101 0101 0100 
0100 0111 0000 1001 
1010 0001 0001 0100 
0010 0111 0000 1000 
1001 0111 0000 0000 
0110 0100 0000 0000 
1011 1000 0000 1000 
1100 0000 0000 0000 
1100 0000 0000 0000 
0100 0111 0000 1001 
1100 0000 0000 0000 
1100 0000 0000 0000 
1100 0000 0000 0000 
1100 0000 0000 0000 
0100 0111 0000 1001 
1100 0000 0000 0000 
0110 0011 0000 0000 
1011 1010 0000 1000 
0010 0111 0000 1010 
1100 0000 0000 0000 
1100 0000 0000 0000 
1000 1110 0000 0000 
1011 0000 1101 1010 
1100 0000 0000 0000 
1100 0000 0000 0000 
0100 0111 0000 1001 
0100 0111 0000 1001 
0100 0111 0000 1011 
0100 0111 0000 1010 
0100 0111 0000 1001 
0100 0111 0000 1010 
0100 0111 0000 1000 
0100 0111 0000 1000 
0100 0111 0000 1001 
0100 0111 0000 1010 
0100 0111 0000 1010 
0100 0111 0000 1011 
0100 0111 0000 1000 
0100 0111 0000 1001 
0100 0111 0000 1000 
0100 0111 0000 1011 
0100 0111 0000 1001 
0100 0111 0000 1001 
0100 0111 0000 1010 
0100 0111 0000 1000 
1100 0000 0000 0000 
1100 0000 0000 0000 
0110 0011 1000 0000 
0110 0100 0000 0000 
0110 0011 1000 0000 
1100 0000 0000 0000 
1100 0000 0000 0000 
0110 0010 1000 0000 
1010 1110 0001 0110 
0100 0111 0000 1001 
1011 0101 0011 1100 
0010 0111 0000 1011 
1100 0000 0000 0000 
1001 1000 0000 0000 
1100 0000 0000 0000 
1011 0001 0010 1010 
0100 0111 0000 1011 
1001 0101 0000 0000 
1011 0101 1000 0110 
1100 0000 0000 0000 
0100 0111 0000 1010 
1100 0000 0000 0000 
0100 0111 0000 1011 
1100 0000 0000 0000 
1100 0000 0000 0000 
1100 0000 0000 0000 
1100 0000 0000 0000 
1100 0000 0000 0000 
1100 0000 0000 0000 
1100 0000 0000 0000 
1100 0000 0000 0000 
1100 0000 0000 0000 
1100 0000 0000 0000 
1100 0000 0000 0000 
1100 0000 0000 0000 
1100 0000 0000 0000 
1100 0000 0000 0000 
1100 0000 0000 0000 
1100 0000 0000 0000 
0110 0010 1000 0000 
1100 0000 0000 0000 
0110 0011 1000 0000 
1100 0000 0000 0000 
1100 0000 0000 0000 
1100 0000 0000 0000 
0110 0011 1000 0000 
1100 0000 0000 0000 
0110 0100 0000 0000 
1100 0000 0000 0000 
1100 0000 0000 0000 
1001 1001 0000 0000 
1100 0000 0000 0000 
1100 0000 0000 0000 
1100 0000 0000 0000 
1100 0000 0000 0000 
0110 0010 1000 0000 
1001 1110 0000 0000 
1100 0000 0000 0000 
1100 0000 0000 0000 
1001 1101 0000 0000 
1100 0000 0000 0000 
1100 0000 0000 0000 
0100 0111 0000 1010 
0110 0011 0000 0000 
1100 0000 0000 0000 
1100 0000 0000 0000 
1100 0000 0000 0000 
1100 0000 0000 0000 
0010 0111 0000 1001 
1100 0000 0000 0000 
1100 0000 0000 0000 
1100 0000 0000 0000 
1100 0000 0000 0000 
0010 0111 0000 1011 
1100 0000 0000 0000 
1100 0000 0000 0000 
1100 0000 0000 0000 
0100 0111 0000 1010 
1100 0000 0000 0000 
1100 0000 0000 0000 
0010 0111 0000 1010 
1100 0000 0000 0000 
1100 0000 0000 0000 
1100 0000 0000 0000 
1100 0000 0000 0000 
1100 0000 0000 0000 
1100 0000 0000 0000 
1100 0000 0000 0000 
1100 0000 0000 0000 
1100 0000 0000 0000 
1100 0000 0000 0000 
1100 0000 0000 0000 
1100 0000 0000 0000 
1100 0000 0000 0000 
1100 0000 0000 0000 
1100 0000 0000 0000 
1100 0000 0000 0000 
1100 0000 0000 0000 
1100 0000 0000 0000 
1100 0000 0000 0000 
1100 0000 0000 0000 
0110 0011 1000 0000 
1100 0000 0000 0000 
1100 0000 0000 0000 
1100 0000 0000 0000 
1100 0000 0000 0000 
1100 0000 0000 0000 
1100 0000 0000 0000 
1000 1011 1000 0000 
0100 0111 0000 1001 
1100 0000 0000 0000 
1100 0000 0000 0000 
1100 0000 0000 0000 
1001 0100 0000 0000 
1011 1101 0100 0110 
1100 0000 0000 0000 
1100 0000 0000 0000 
1100 0000 0000 0000 
1100 0000 0000 0000 
1100 0000 0000 0000 
0100 0111 0000 1001 
1100 0000 0000 0000 
1100 0000 0000 0000 
1100 0000 0000 0000 
0100 0111 0000 1001 
0110 0011 0000 0000 
1100 0000 0000 0000 
1100 0000 0000 0000 
1100 0000 0000 0000 
1100 0000 0000 0000 
1100 0000 0000 0000 
1100 0000 0000 0000 
1100 0000 0000 0000 
1100 0000 0000 0000 
1100 0000 0000 0000 
1100 0000 0000 0000 
1100 0000 0000 0000 
1100 0000 0000 0000 
1100 0000 0000 0000 
0000 0000 0000 0000 
0000 0000 0000 0000 
0000 0000 0000 0000 
0000 0000 0000 0000 
0000 0000 0000 0000 
0000 0000 0000 0000 
0000 0000 0000 0000 
0000 0000 0000 0000 
0000 0000 0000 0000 
0000 0000 0000 0000 
0000 0000 0000 0000 
0000 0000 0000 0000 
0000 0000 0000 0000 
0000 0000 0000 0000 
0000 0000 0000 0000 
0000 0000 0000 0000 
0000 0000 0000 0000 
0000 0000 0000 0000 
0000 0000 0000 0000 
0000 0000 0000 0000 
0000 0000 0000 0000 
0000 0000 0000 0000 
0000 0000 0000 0000 
0000 0000 0000 0000 
0000 0000 0000 0000 
0000 0000 0000 0000 
0000 0000 0000 0000 
0000 0000 0000 0000 
0000 0000 0000 0000 
0000 0000 0000 0000 
0000 0000 0000 0000 
0000 0000 0000 0000 
0000 0000 0000 0000 
0000 0000 0000 0000 
0000 0000 0000 0000 
0000 0000 0000 0000 
0000 0000 0000 0000 
0000 0000 0000 0000 
0000 0000 0000 0000 
0000 0000 0000 0000 
0000 0000 0000 0000 
0000 0000 0000 0000 
0000 0000 0000 0000 
