1100 0000 0000 0000 
1100 0000 0000 0000 
1100 0000 0000 0000 
1100 0000 0000 0000 
1100 0000 0000 0000 
1100 0000 0000 0000 
1100 0000 0000 0000 
1100 0000 0000 0000 
1100 0000 0000 0000 
1100 0000 0000 0000 
1100 0000 0000 0000 
1100 0000 0000 0000 
1100 0000 0000 0000 
1100 0000 0000 0000 
1011 0100 0010 1100 
1100 0000 0000 0000 
0010 0111 0000 1011 
1000 0001 0000 0000 
0110 0100 0000 0000 
1010 0000 1101 0100 
1110 0001 1111 1110 
1100 0000 0000 0000 
1100 0000 0000 0000 
1100 0000 0000 0000 
1100 0000 0000 0000 
1100 0000 0000 0000 
1100 0000 0000 0000 
1100 0000 0000 0000 
1100 0000 0000 0000 
1100 0000 0000 0000 
1100 0000 0000 0000 
1100 0000 0000 0000 
1100 0000 0000 0000 
1100 0000 0000 0000 
1100 0000 0000 0000 
1100 0000 0000 0000 
1100 0000 0000 0000 
1100 0000 0000 0000 
1100 0000 0000 0000 
1100 0000 0000 0000 
1100 0000 0000 0000 
1100 0000 0000 0000 
1100 0000 0000 0000 
1100 0000 0000 0000 
1100 0000 0000 0000 
1100 0000 0000 0000 
1100 0000 0000 0000 
1100 0000 0000 0000 
1100 0000 0000 0000 
1100 0000 0000 0000 
1100 0000 0000 0000 
1100 0000 0000 0000 
1100 0000 0000 0000 
1100 0000 0000 0000 
1100 0000 0000 0000 
1100 0000 0000 0000 
1100 0000 0000 0000 
1100 0000 0000 0000 
1100 0000 0000 0000 
1100 0000 0000 0000 
1100 0000 0000 0000 
1100 0000 0000 0000 
1100 0000 0000 0000 
1100 0000 0000 0000 
1100 0000 0000 0000 
1100 0000 0000 0000 
1100 0000 0000 0000 
1100 0000 0000 0000 
1100 0000 0000 0000 
1100 0000 0000 0000 
1100 0000 0000 0000 
1100 0000 0000 0000 
1100 0000 0000 0000 
1100 0000 0000 0000 
1100 0000 0000 0000 
1100 0000 0000 0000 
1100 0000 0000 0000 
1100 0000 0000 0000 
1100 0000 0000 0000 
1100 0000 0000 0000 
1100 0000 0000 0000 
1100 0000 0000 0000 
1100 0000 0000 0000 
1100 0000 0000 0000 
1100 0000 0000 0000 
1100 0000 0000 0000 
1100 0000 0000 0000 
1100 0000 0000 0000 
1100 0000 0000 0000 
1100 0000 0000 0000 
1100 0000 0000 0000 
1100 0000 0000 0000 
1100 0000 0000 0000 
1100 0000 0000 0000 
1100 0000 0000 0000 
1100 0000 0000 0000 
1100 0000 0000 0000 
1100 0000 0000 0000 
1100 0000 0000 0000 
1100 0000 0000 0000 
1100 0000 0000 0000 
1100 0000 0000 0000 
1100 0000 0000 0000 
1100 0000 0000 0000 
1100 0000 0000 0000 
1100 0000 0000 0000 
1100 0000 0000 0000 
1100 0000 0000 0000 
1100 0000 0000 0000 
1100 0000 0000 0000 
1100 0000 0000 0000 
1100 0000 0000 0000 
1100 0000 0000 0000 
1100 0000 0000 0000 
1100 0000 0000 0000 
1100 0000 0000 0000 
1100 0000 0000 0000 
1100 0000 0000 0000 
1100 0000 0000 0000 
1100 0000 0000 0000 
1100 0000 0000 0000 
1100 0000 0000 0000 
1100 0000 0000 0000 
1100 0000 0000 0000 
1100 0000 0000 0000 
1100 0000 0000 0000 
1100 0000 0000 0000 
1100 0000 0000 0000 
1100 0000 0000 0000 
1100 0000 0000 0000 
1100 0000 0000 0000 
1100 0000 0000 0000 
1100 0000 0000 0000 
1100 0000 0000 0000 
1100 0000 0000 0000 
1100 0000 0000 0000 
1100 0000 0000 0000 
1100 0000 0000 0000 
1100 0000 0000 0000 
1100 0000 0000 0000 
1100 0000 0000 0000 
1100 0000 0000 0000 
1100 0000 0000 0000 
1100 0000 0000 0000 
1100 0000 0000 0000 
1100 0000 0000 0000 
1100 0000 0000 0000 
1100 0000 0000 0000 
1100 0000 0000 0000 
1100 0000 0000 0000 
1100 0000 0000 0000 
1100 0000 0000 0000 
1100 0000 0000 0000 
1100 0000 0000 0000 
1100 0000 0000 0000 
1100 0000 0000 0000 
1100 0000 0000 0000 
1100 0000 0000 0000 
1100 0000 0000 0000 
1100 0000 0000 0000 
1100 0000 0000 0000 
1100 0000 0000 0000 
1100 0000 0000 0000 
1100 0000 0000 0000 
1100 0000 0000 0000 
1100 0000 0000 0000 
1100 0000 0000 0000 
1100 0000 0000 0000 
1100 0000 0000 0000 
1100 0000 0000 0000 
1100 0000 0000 0000 
1100 0000 0000 0000 
1100 0000 0000 0000 
1100 0000 0000 0000 
1100 0000 0000 0000 
1100 0000 0000 0000 
1100 0000 0000 0000 
1100 0000 0000 0000 
1100 0000 0000 0000 
1100 0000 0000 0000 
1100 0000 0000 0000 
1100 0000 0000 0000 
1100 0000 0000 0000 
1100 0000 0000 0000 
1100 0000 0000 0000 
1100 0000 0000 0000 
1100 0000 0000 0000 
1100 0000 0000 0000 
1100 0000 0000 0000 
1100 0000 0000 0000 
1100 0000 0000 0000 
1100 0000 0000 0000 
1100 0000 0000 0000 
1100 0000 0000 0000 
1100 0000 0000 0000 
1100 0000 0000 0000 
1100 0000 0000 0000 
1100 0000 0000 0000 
1100 0000 0000 0000 
1100 0000 0000 0000 
1100 0000 0000 0000 
1100 0000 0000 0000 
1100 0000 0000 0000 
1100 0000 0000 0000 
1100 0000 0000 0000 
1100 0000 0000 0000 
1100 0000 0000 0000 
1100 0000 0000 0000 
1100 0000 0000 0000 
1100 0000 0000 0000 
1100 0000 0000 0000 
1100 0000 0000 0000 
1100 0000 0000 0000 
1100 0000 0000 0000 
1100 0000 0000 0000 
1100 0000 0000 0000 
1100 0000 0000 0000 
1100 0000 0000 0000 
1100 0000 0000 0000 
1100 0000 0000 0000 
1100 0000 0000 0000 
1100 0000 0000 0000 
1100 0000 0000 0000 
1100 0000 0000 0000 
1100 0000 0000 0000 
1100 0000 0000 0000 
1100 0000 0000 0000 
1100 0000 0000 0000 
1100 0000 0000 0000 
1100 0000 0000 0000 
1100 0000 0000 0000 
1100 0000 0000 0000 
1100 0000 0000 0000 
1100 0000 0000 0000 
1100 0000 0000 0000 
1100 0000 0000 0000 
1100 0000 0000 0000 
1100 0000 0000 0000 
1100 0000 0000 0000 
1100 0000 0000 0000 
1100 0000 0000 0000 
1100 0000 0000 0000 
1100 0000 0000 0000 
1100 0000 0000 0000 
1100 0000 0000 0000 
1100 0000 0000 0000 
1100 0000 0000 0000 
1100 0000 0000 0000 
1100 0000 0000 0000 
1100 0000 0000 0000 
1100 0000 0000 0000 
1100 0000 0000 0000 
1100 0000 0000 0000 
1100 0000 0000 0000 
1100 0000 0000 0000 
1100 0000 0000 0000 
