1010 0101 1000 0100 
0010 0111 0000 1010 
1100 0000 0000 0000 
1001 1001 0000 0000 
1010 1000 1011 1100 
0100 0111 0000 1000 
1100 0000 0000 0000 
1011 0001 0101 1110 
1100 0000 0000 0000 
1110 0001 1111 1110 
1100 0000 0000 0000 
1100 0000 0000 0000 
1100 0000 0000 0000 
1100 0000 0000 0000 
1100 0000 0000 0000 
1100 0000 0000 0000 
1100 0000 0000 0000 
1100 0000 0000 0000 
1100 0000 0000 0000 
1100 0000 0000 0000 
1100 0000 0000 0000 
1100 0000 0000 0000 
1100 0000 0000 0000 
1100 0000 0000 0000 
1100 0000 0000 0000 
1100 0000 0000 0000 
1100 0000 0000 0000 
1100 0000 0000 0000 
1100 0000 0000 0000 
1100 0000 0000 0000 
1100 0000 0000 0000 
1100 0000 0000 0000 
1100 0000 0000 0000 
1100 0000 0000 0000 
1100 0000 0000 0000 
1100 0000 0000 0000 
1100 0000 0000 0000 
1100 0000 0000 0000 
1100 0000 0000 0000 
1100 0000 0000 0000 
1100 0000 0000 0000 
1100 0000 0000 0000 
1100 0000 0000 0000 
1100 0000 0000 0000 
1100 0000 0000 0000 
1100 0000 0000 0000 
1100 0000 0000 0000 
1100 0000 0000 0000 
1100 0000 0000 0000 
1100 0000 0000 0000 
1100 0000 0000 0000 
1100 0000 0000 0000 
1100 0000 0000 0000 
1100 0000 0000 0000 
1100 0000 0000 0000 
1100 0000 0000 0000 
1100 0000 0000 0000 
1100 0000 0000 0000 
1100 0000 0000 0000 
1100 0000 0000 0000 
1100 0000 0000 0000 
1100 0000 0000 0000 
1100 0000 0000 0000 
1100 0000 0000 0000 
1100 0000 0000 0000 
1100 0000 0000 0000 
1100 0000 0000 0000 
1100 0000 0000 0000 
1100 0000 0000 0000 
1100 0000 0000 0000 
1100 0000 0000 0000 
1100 0000 0000 0000 
1100 0000 0000 0000 
1100 0000 0000 0000 
1100 0000 0000 0000 
1100 0000 0000 0000 
1100 0000 0000 0000 
1100 0000 0000 0000 
1100 0000 0000 0000 
1100 0000 0000 0000 
1100 0000 0000 0000 
1100 0000 0000 0000 
1100 0000 0000 0000 
1100 0000 0000 0000 
1100 0000 0000 0000 
1100 0000 0000 0000 
1100 0000 0000 0000 
1100 0000 0000 0000 
1100 0000 0000 0000 
1100 0000 0000 0000 
1100 0000 0000 0000 
1100 0000 0000 0000 
1100 0000 0000 0000 
1100 0000 0000 0000 
1100 0000 0000 0000 
1100 0000 0000 0000 
1100 0000 0000 0000 
1100 0000 0000 0000 
1100 0000 0000 0000 
1100 0000 0000 0000 
1100 0000 0000 0000 
1100 0000 0000 0000 
1100 0000 0000 0000 
1100 0000 0000 0000 
1100 0000 0000 0000 
1100 0000 0000 0000 
1100 0000 0000 0000 
1100 0000 0000 0000 
1100 0000 0000 0000 
1100 0000 0000 0000 
1100 0000 0000 0000 
1100 0000 0000 0000 
1100 0000 0000 0000 
1100 0000 0000 0000 
1100 0000 0000 0000 
1100 0000 0000 0000 
1100 0000 0000 0000 
1100 0000 0000 0000 
1100 0000 0000 0000 
1100 0000 0000 0000 
1100 0000 0000 0000 
1100 0000 0000 0000 
1100 0000 0000 0000 
1100 0000 0000 0000 
1100 0000 0000 0000 
1100 0000 0000 0000 
1100 0000 0000 0000 
1100 0000 0000 0000 
1100 0000 0000 0000 
1100 0000 0000 0000 
1100 0000 0000 0000 
1100 0000 0000 0000 
1100 0000 0000 0000 
1100 0000 0000 0000 
1100 0000 0000 0000 
1100 0000 0000 0000 
1100 0000 0000 0000 
1100 0000 0000 0000 
1100 0000 0000 0000 
1100 0000 0000 0000 
1100 0000 0000 0000 
1100 0000 0000 0000 
1100 0000 0000 0000 
1100 0000 0000 0000 
1100 0000 0000 0000 
1100 0000 0000 0000 
1100 0000 0000 0000 
1100 0000 0000 0000 
1100 0000 0000 0000 
1100 0000 0000 0000 
1100 0000 0000 0000 
1100 0000 0000 0000 
1100 0000 0000 0000 
1100 0000 0000 0000 
1100 0000 0000 0000 
1100 0000 0000 0000 
1100 0000 0000 0000 
1100 0000 0000 0000 
1100 0000 0000 0000 
1100 0000 0000 0000 
1100 0000 0000 0000 
1100 0000 0000 0000 
1100 0000 0000 0000 
1100 0000 0000 0000 
1100 0000 0000 0000 
1100 0000 0000 0000 
1100 0000 0000 0000 
1100 0000 0000 0000 
1100 0000 0000 0000 
1100 0000 0000 0000 
1100 0000 0000 0000 
1100 0000 0000 0000 
1100 0000 0000 0000 
1100 0000 0000 0000 
1100 0000 0000 0000 
1100 0000 0000 0000 
1100 0000 0000 0000 
1100 0000 0000 0000 
1100 0000 0000 0000 
1100 0000 0000 0000 
1100 0000 0000 0000 
1100 0000 0000 0000 
1100 0000 0000 0000 
1100 0000 0000 0000 
1100 0000 0000 0000 
1100 0000 0000 0000 
1100 0000 0000 0000 
1100 0000 0000 0000 
1100 0000 0000 0000 
1100 0000 0000 0000 
1100 0000 0000 0000 
1100 0000 0000 0000 
1100 0000 0000 0000 
1100 0000 0000 0000 
1100 0000 0000 0000 
1100 0000 0000 0000 
1100 0000 0000 0000 
1100 0000 0000 0000 
1100 0000 0000 0000 
1100 0000 0000 0000 
1100 0000 0000 0000 
1100 0000 0000 0000 
1100 0000 0000 0000 
1100 0000 0000 0000 
1100 0000 0000 0000 
1100 0000 0000 0000 
1100 0000 0000 0000 
1100 0000 0000 0000 
1100 0000 0000 0000 
1100 0000 0000 0000 
1100 0000 0000 0000 
1100 0000 0000 0000 
1100 0000 0000 0000 
1100 0000 0000 0000 
1100 0000 0000 0000 
1100 0000 0000 0000 
1100 0000 0000 0000 
1100 0000 0000 0000 
1100 0000 0000 0000 
1100 0000 0000 0000 
1100 0000 0000 0000 
1100 0000 0000 0000 
1100 0000 0000 0000 
1100 0000 0000 0000 
1100 0000 0000 0000 
1100 0000 0000 0000 
1100 0000 0000 0000 
1100 0000 0000 0000 
1100 0000 0000 0000 
1100 0000 0000 0000 
1100 0000 0000 0000 
1100 0000 0000 0000 
1100 0000 0000 0000 
1100 0000 0000 0000 
1100 0000 0000 0000 
1100 0000 0000 0000 
1100 0000 0000 0000 
1100 0000 0000 0000 
1100 0000 0000 0000 
1100 0000 0000 0000 
1100 0000 0000 0000 
1100 0000 0000 0000 
1100 0000 0000 0000 
1100 0000 0000 0000 
1100 0000 0000 0000 
1100 0000 0000 0000 
1100 0000 0000 0000 
1100 0000 0000 0000 
1100 0000 0000 0000 
1100 0000 0000 0000 
1100 0000 0000 0000 
1100 0000 0000 0000 
1100 0000 0000 0000 
1100 0000 0000 0000 
1100 0000 0000 0000 
1100 0000 0000 0000 
